Keuwl Accelerometer Data File
2017-11-22 11-23-54

Time (s), X (g), Y (g), Z (g), R (g), Theta (deg), Phi (deg)
0.0000000,-0.029256,-0.069215,0.967380,0.970294,4.441708,247.087173
0.0100000,-0.029256,-0.069215,0.967380,0.970294,4.441708,247.087173
0.0200000,-0.029256,-0.069215,0.967380,0.970294,4.441708,247.087173
0.0300000,-0.029256,-0.069215,0.967380,0.970294,4.441708,247.087173
0.0400000,-0.029256,-0.069215,0.967380,0.970294,4.441708,247.087173
0.0500000,-0.029256,-0.069215,0.967380,0.970294,4.441708,247.087173
0.0600000,-0.029256,-0.069215,0.967380,0.970294,4.441708,247.087173
0.0710434,-0.031193,-0.067278,0.965443,0.968287,4.392399,245.125854
0.0806147,-0.026300,-0.062385,0.959633,0.962018,4.035510,247.141235
0.0903950,-0.030173,-0.064424,0.969419,0.972026,4.197080,244.903748
0.1001504,-0.027319,-0.067278,0.970336,0.973050,4.279655,247.899872
0.1098475,-0.029256,-0.064424,0.967380,0.969964,4.183292,245.576538
0.1198792,-0.029256,-0.067278,0.972273,0.975037,4.315158,246.498260
0.1298838,-0.026300,-0.062385,0.965443,0.967814,4.011369,247.141235
0.1398031,-0.028236,-0.065341,0.969419,0.972029,4.199506,246.629028
0.1498556,-0.028236,-0.063405,0.969419,0.971900,4.095243,245.994797
0.1598018,-0.027319,-0.068298,0.967380,0.970173,4.348345,248.198593
0.1699159,-0.030173,-0.069215,0.965443,0.968391,4.471900,246.445923
0.1798021,-0.030173,-0.066361,0.967380,0.970123,4.309481,245.549408
0.1903768,-0.027319,-0.070234,0.966463,0.969396,4.458653,248.745483
0.2005525,-0.027319,-0.066361,0.968400,0.971055,4.238222,247.624298
0.2161965,-0.025382,-0.064424,0.965443,0.967923,4.102362,248.496185
0.2211629,-0.031193,-0.065341,0.964526,0.967240,4.293043,244.481171
0.2298178,-0.023344,-0.063405,0.971356,0.973703,3.978920,249.787949
0.2397915,-0.031193,-0.068298,0.973293,0.976184,4.411309,245.453049
0.2498112,-0.031193,-0.067278,0.967380,0.970218,4.383650,245.125854
0.2598434,-0.024363,-0.059531,0.978185,0.980298,3.762235,247.743332
0.2715774,-0.026300,-0.067278,0.966463,0.969159,4.274480,248.649017
0.2798839,-0.030173,-0.063405,0.969419,0.971959,4.142835,244.550964
0.2897972,-0.025382,-0.061468,0.971356,0.973630,3.916567,247.562546
0.3019501,-0.022426,-0.061468,0.968400,0.970607,3.865384,249.955887
0.3099020,-0.027319,-0.065341,0.966463,0.969054,4.191150,247.310349
0.3216416,-0.029256,-0.067278,0.972273,0.975037,4.315158,246.498260
0.3301098,-0.029256,-0.070234,0.971356,0.974331,4.478728,247.386047
0.3398016,-0.031193,-0.068298,0.965443,0.968359,4.446996,245.453049
0.3498971,-0.023344,-0.061468,0.967380,0.969612,3.888366,249.204834
0.3598243,-0.029256,-0.060449,0.969419,0.971742,3.962793,244.173965
0.3756798,-0.029256,-0.063405,0.962589,0.965119,4.149117,245.230698
0.3797970,-0.027319,-0.064424,0.964526,0.967061,4.149637,247.020599
0.3897956,-0.029256,-0.067278,0.974210,0.976968,4.306616,246.498260
0.3998038,-0.027319,-0.066361,0.974210,0.976850,4.213055,247.624298
0.4099208,-0.029256,-0.069215,0.971356,0.974258,4.423635,247.087173
0.4198219,-0.028236,-0.065341,0.966463,0.969081,4.212311,246.629028
0.4297989,-0.028236,-0.067278,0.970336,0.973076,4.300200,247.232361
0.4398175,-0.027319,-0.064424,0.969419,0.971941,4.128724,247.020599
0.4497896,-0.024363,-0.059531,0.964526,0.966668,3.815364,247.743332
0.4602247,-0.028236,-0.070234,0.962589,0.965561,4.496449,248.098297
0.4699432,-0.028236,-0.064424,0.969419,0.971968,4.150062,246.332581
0.4797801,-0.028236,-0.066361,0.967380,0.970065,4.263516,246.950287
0.4898373,-0.031193,-0.066361,0.970336,0.973103,4.321507,244.824310
0.4997949,-0.029256,-0.070234,0.967380,0.970368,4.497058,247.386047
0.5112396,-0.030173,-0.067278,0.966463,0.969271,4.362824,245.844482
0.5198335,-0.025382,-0.065341,0.971356,0.973882,4.127633,248.771057
0.5298527,-0.029256,-0.066361,0.968400,0.971111,4.282903,246.209229
0.5398363,-0.032212,-0.069215,0.969419,0.972420,4.502848,245.043182
0.5498450,-0.028236,-0.065341,0.968400,0.971012,4.203980,246.629028
0.5599433,-0.026300,-0.065341,0.968400,0.970958,4.160054,248.075409
0.5698506,-0.024363,-0.063405,0.970336,0.972711,4.004235,248.981003
0.5798263,-0.027319,-0.061468,0.971356,0.973682,3.961360,246.037506
0.5902568,-0.025382,-0.065341,0.971356,0.973882,4.127633,248.771057
0.5998305,-0.028236,-0.061468,0.972273,0.974623,3.979805,245.327377
0.6101524,-0.029256,-0.066361,0.968400,0.971111,4.282903,246.209229
0.6198540,-0.027319,-0.067278,0.968400,0.971118,4.288158,247.899872
0.6298258,-0.028236,-0.064424,0.968400,0.970951,4.154448,246.332581
0.6398506,-0.027319,-0.065341,0.966463,0.969054,4.191150,247.310349
0.6510408,-0.029256,-0.065341,0.971356,0.973990,4.215239,245.880127
0.6598293,-0.038022,-0.069215,0.966463,0.969684,4.671351,241.218369
0.6698763,-0.028236,-0.066361,0.970336,0.973013,4.250542,246.950287
0.6798633,-0.029256,-0.071254,0.965443,0.968511,4.561538,247.677612
0.6898438,-0.031193,-0.063405,0.963507,0.966094,4.194466,243.804596
0.6998888,-0.029256,-0.065341,0.973293,0.975922,4.206868,245.880127
0.7099054,-0.029256,-0.066361,0.970336,0.973043,4.274389,246.209229
0.7198461,-0.025382,-0.062385,0.967380,0.969722,3.982658,247.860428
0.7305900,-0.028236,-0.065341,0.964526,0.967149,4.220765,246.629028
0.7399855,-0.027319,-0.068298,0.969419,0.972206,4.339282,248.198593
0.7504281,-0.025382,-0.061468,0.968400,0.970680,3.928498,247.562546
0.7598415,-0.030173,-0.066361,0.967380,0.970123,4.309481,245.549408
0.7698830,-0.027319,-0.064424,0.962589,0.965129,4.157935,247.020599
0.7798241,-0.027319,-0.062385,0.964526,0.966927,4.038954,246.350983
0.7897909,-0.028236,-0.068298,0.970336,0.973147,4.355456,247.538193
0.8002976,-0.027319,-0.061468,0.971356,0.973682,3.961360,246.037506
0.8098014,-0.031193,-0.065341,0.969419,0.972119,4.271410,244.481171
0.8198061,-0.028236,-0.060449,0.967380,0.969678,3.945360,244.961945
0.8301054,-0.027319,-0.063405,0.969419,0.971874,4.073571,246.690323
0.8398026,-0.026300,-0.061468,0.968400,0.970705,3.949428,246.835815
0.8505938,-0.028236,-0.064424,0.965443,0.968002,4.167109,246.332581
0.8597921,-0.027319,-0.063405,0.969419,0.971874,4.073571,246.690323
0.8701019,-0.030173,-0.066361,0.970336,0.973071,4.296417,245.549408
0.8798000,-0.028236,-0.067278,0.967380,0.970128,4.313251,247.232361
0.8901185,-0.026300,-0.066361,0.970336,0.972958,4.207380,248.380920
0.9001627,-0.027319,-0.066361,0.968400,0.971055,4.238222,247.624298
0.9098529,-0.031193,-0.068298,0.967380,0.970290,4.438135,245.453049
0.9198208,-0.029256,-0.065341,0.963507,0.966163,4.249482,245.880127
0.9298085,-0.026300,-0.063405,0.962589,0.965034,4.078903,247.471771
0.9397995,-0.030173,-0.070234,0.969419,0.972428,4.508586,246.751251
0.9504440,-0.029256,-0.066361,0.968400,0.971111,4.282903,246.209229
0.9597934,-0.028236,-0.064424,0.971356,0.973899,4.141842,246.332581
0.9701098,-0.026300,-0.065341,0.968400,0.970958,4.160054,248.075409
0.9797999,-0.029256,-0.067278,0.966463,0.969243,4.340997,246.498260
0.9898568,-0.026300,-0.070234,0.965443,0.968352,4.441885,249.471298
0.9998171,-0.025382,-0.067278,0.967380,0.970049,4.251049,249.329880
1.0098734,-0.030173,-0.074108,0.963507,0.966823,4.747265,247.846176
1.0197963,-0.031193,-0.069215,0.966463,0.969440,4.491567,245.740692
1.0298083,-0.026300,-0.072171,0.966463,0.969510,4.544286,249.977921
1.0397930,-0.027319,-0.069215,0.970336,0.973185,4.385214,248.460953
1.0498716,-0.028236,-0.068298,0.964526,0.967353,4.381594,247.538193
1.0598714,-0.029256,-0.061468,0.965443,0.967840,4.033326,244.547714
1.0703495,-0.029256,-0.067278,0.965443,0.968227,4.345551,246.498260
1.0798107,-0.028236,-0.070234,0.964526,0.967492,4.487510,248.098297
1.0898284,-0.030173,-0.066361,0.966463,0.969208,4.313524,245.549408
1.0998180,-0.026300,-0.064424,0.969419,0.971913,4.105655,247.793350
1.1102717,-0.029256,-0.061468,0.966463,0.968857,4.029099,244.547714
1.1197976,-0.030173,-0.065341,0.964526,0.967207,4.267418,245.213516
1.1280862,-0.029256,-0.069215,0.968400,0.971311,4.437075,247.087173
1.1380862,-0.029256,-0.069215,0.968400,0.971311,4.437075,247.087173
1.1398100,-0.029256,-0.069215,0.968400,0.971311,4.437075,247.087173
1.1498141,-0.023344,-0.063405,0.963507,0.965873,4.011271,249.787949
1.1598443,-0.026300,-0.066361,0.965443,0.968079,4.228599,248.380920
1.1704069,-0.027319,-0.062385,0.971356,0.973740,4.010636,246.350983
1.1799639,-0.026300,-0.058512,0.970336,0.972455,3.782427,245.797165
1.1905934,-0.028236,-0.062385,0.973293,0.975698,4.024479,245.647812
1.1998556,-0.029256,-0.067278,0.969419,0.972191,4.327803,246.498260
1.2104954,-0.024363,-0.064424,0.971356,0.973795,4.055937,249.285156
1.2198222,-0.026300,-0.060449,0.970336,0.972573,3.886553,246.487305
1.2303616,-0.027319,-0.061468,0.969419,0.971750,3.969261,246.037506
1.2398078,-0.030173,-0.067278,0.969419,0.972219,4.349561,245.844482
1.2498282,-0.028236,-0.066361,0.971356,0.974029,4.246162,246.950287
1.2598337,-0.026300,-0.061468,0.962589,0.964908,3.973157,246.835815
1.2698320,-0.030173,-0.067278,0.964526,0.967340,4.371570,245.844482
1.2798313,-0.026300,-0.071254,0.966463,0.969443,4.493529,249.740967
1.2898107,-0.027319,-0.061468,0.971356,0.973682,3.961360,246.037506
1.2998334,-0.028236,-0.066361,0.964526,0.967218,4.276084,246.950287
1.3098297,-0.028236,-0.064424,0.972273,0.974814,4.137916,246.332581
1.3198295,-0.027319,-0.062385,0.967380,0.969775,4.027058,246.350983
1.3308874,-0.028236,-0.067278,0.964526,0.967282,4.326037,247.232361
1.3398418,-0.026300,-0.065341,0.967380,0.969941,4.164382,248.075409
1.3498522,-0.025382,-0.064424,0.968400,0.970872,4.089931,248.496185
1.3598261,-0.028236,-0.064424,0.966463,0.969019,4.162689,246.332581
1.3698776,-0.023344,-0.062385,0.969419,0.971705,3.930691,249.485001
1.3798279,-0.029256,-0.067278,0.967380,0.970158,4.336935,246.498260
1.3902038,-0.030173,-0.070234,0.966463,0.969481,4.522337,246.751251
1.3998270,-0.026300,-0.062385,0.965443,0.967814,4.011369,247.141235
1.4105787,-0.027319,-0.068298,0.960550,0.963363,4.379135,248.198593
1.4199270,-0.029256,-0.068298,0.965443,0.968298,4.400774,246.811737
1.4309503,-0.034149,-0.073191,0.963507,0.966886,4.791583,244.987473
1.4398472,-0.028236,-0.067278,0.965443,0.968197,4.321915,247.232361
1.4538176,-0.029256,-0.066361,0.966463,0.969180,4.291446,246.209229
1.4598449,-0.028236,-0.067278,0.970336,0.973076,4.300200,247.232361
1.4701622,-0.030173,-0.064424,0.962589,0.965214,4.226746,244.903748
1.4798874,-0.028236,-0.064424,0.968400,0.970951,4.154448,246.332581
1.4901466,-0.029256,-0.064424,0.965443,0.968033,4.191664,245.576538
1.4998384,-0.028236,-0.064424,0.966463,0.969019,4.162689,246.332581
1.5105078,-0.028236,-0.071254,0.970336,0.973359,4.516313,248.382553
1.5198169,-0.027319,-0.064424,0.971356,0.973873,4.120510,247.020599
1.5298200,-0.028236,-0.062385,0.966463,0.968886,4.052846,245.647812
1.5398357,-0.026300,-0.063405,0.967380,0.969812,4.058737,247.471771
1.5505228,-0.029256,-0.061468,0.970336,0.972721,4.013077,244.547714
1.5598109,-0.029256,-0.061468,0.970336,0.972721,4.013077,244.547714
1.5699862,-0.024363,-0.062385,0.965443,0.967764,3.968324,248.668213
1.5798941,-0.027319,-0.062385,0.971356,0.973740,4.010636,246.350983
1.5898243,-0.033129,-0.074108,0.963507,0.966920,4.815847,245.913315
1.6055874,-0.029256,-0.065341,0.962589,0.965248,4.253490,245.880127
1.6106445,-0.026300,-0.066361,0.964526,0.967164,4.232626,248.380920
1.6198339,-0.027319,-0.063405,0.965443,0.967909,4.090314,246.690323
1.6310667,-0.026300,-0.065341,0.969419,0.971974,4.155674,248.075409
1.6399084,-0.026300,-0.061468,0.972273,0.974569,3.933729,246.835815
1.6502811,-0.027319,-0.068298,0.970336,0.973121,4.335173,248.198593
1.6605690,-0.027319,-0.066361,0.968400,0.971055,4.238222,247.624298
1.6707491,-0.033129,-0.069215,0.965443,0.968488,4.544416,244.422119
1.6798085,-0.027319,-0.065341,0.969419,0.972003,4.178467,247.310349
1.6902828,-0.027319,-0.067278,0.962589,0.965324,4.313932,247.899872
1.6998121,-0.024363,-0.065341,0.962589,0.965112,4.143639,249.551788
1.7104279,-0.027319,-0.065341,0.965443,0.968038,4.195587,247.310349
1.7198033,-0.027319,-0.064424,0.968400,0.970925,4.133086,247.020599
1.7336074,-0.028236,-0.061468,0.969419,0.971776,3.991499,245.327377
1.7398199,-0.030173,-0.068298,0.967380,0.970257,4.413573,246.164581
1.7505404,-0.027319,-0.065341,0.964526,0.967123,4.199553,247.310349
1.7606516,-0.028236,-0.068298,0.961570,0.964406,4.394984,247.538193
1.7703354,-0.027319,-0.069215,0.963507,0.966376,4.416146,248.460953
1.7800009,-0.027319,-0.060449,0.969419,0.971686,3.914516,245.679916
1.7905774,-0.028236,-0.066361,0.961570,0.964270,4.289209,246.950287
1.7998539,-0.026300,-0.063405,0.971356,0.973778,4.042202,247.471771
1.8106674,-0.027319,-0.068298,0.968400,0.971189,4.343793,248.198593
1.8197951,-0.026300,-0.066361,0.967380,0.970010,4.220161,248.380920
1.8303490,-0.022426,-0.064424,0.971356,0.973748,4.017125,250.806931
1.8399867,-0.029256,-0.064424,0.968400,0.970981,4.178842,245.576538
1.8507558,-0.029256,-0.066361,0.964526,0.967249,4.300063,246.209229
1.8527274,-0.028236,-0.065341,0.975229,0.977824,4.174575,246.629028
1.8627274,-0.028236,-0.065341,0.975229,0.977824,4.174575,246.629028
1.8727274,-0.028236,-0.065341,0.975229,0.977824,4.174575,246.629028
1.8752687,-0.028236,-0.063405,0.971356,0.973832,4.087057,245.994797
1.8799986,-0.028236,-0.063405,0.971356,0.973832,4.087057,245.994797
1.8898003,-0.029256,-0.069215,0.968400,0.971311,4.437075,247.087173
1.8998560,-0.027319,-0.068298,0.962589,0.965396,4.369912,248.198593
1.9105148,-0.032212,-0.062385,0.969419,0.971958,4.142457,242.690887
1.9198184,-0.027319,-0.063405,0.965443,0.967909,4.090314,246.690323
1.9306839,-0.026300,-0.070234,0.963507,0.966421,4.450783,249.471298
1.9397991,-0.029256,-0.067278,0.968400,0.971175,4.332371,246.498260
1.9503621,-0.030173,-0.065341,0.965443,0.968122,4.263424,245.213516
1.9599653,-0.029256,-0.072171,0.964526,0.967665,4.616049,247.933975
1.9705485,-0.034149,-0.072171,0.963507,0.966809,4.737062,244.678177
1.9799267,-0.031193,-0.071254,0.960550,0.963695,4.629524,246.357727
1.9906988,-0.029256,-0.075127,0.966463,0.969820,4.768592,248.723236
2.0005350,-0.030173,-0.065341,0.970336,0.973002,4.242009,245.213516
2.0112250,-0.034149,-0.070234,0.965443,0.968597,4.624698,244.070435
2.0198135,-0.030173,-0.068298,0.962589,0.965481,4.435398,246.164581
2.0305176,-0.028236,-0.067278,0.969419,0.972161,4.304251,247.232361
2.0398300,-0.032212,-0.068298,0.962589,0.965546,4.485501,244.749481
2.0507588,-0.028236,-0.064424,0.967380,0.969934,4.158782,246.332581
2.0597968,-0.028236,-0.067278,0.966463,0.969213,4.317381,247.232361
2.0711153,-0.030173,-0.066361,0.959633,0.962398,4.344109,245.549408
2.0798426,-0.030173,-0.066361,0.959633,0.962398,4.344109,245.549408
2.0914121,-0.026300,-0.066361,0.961570,0.964216,4.245563,248.380920
2.0998530,-0.033129,-0.066361,0.961570,0.964426,4.410821,243.470169
2.1105568,-0.031193,-0.067278,0.963507,0.966356,4.401130,245.125854
2.1198025,-0.031193,-0.067278,0.963507,0.966356,4.401130,245.125854
2.1338654,-0.030173,-0.070234,0.964526,0.967550,4.531380,246.751251
2.1439216,-0.032212,-0.069215,0.962589,0.965612,4.534664,245.043182
2.1502099,-0.029256,-0.068298,0.966463,0.969315,4.396143,246.811737
2.1598809,-0.027319,-0.067278,0.965443,0.968170,4.301247,247.899872
2.1702321,-0.033129,-0.072171,0.964526,0.967790,4.706694,245.343002
2.1798155,-0.032212,-0.070234,0.955759,0.958878,4.622071,245.362122
2.1922486,-0.033129,-0.075127,0.961570,0.965069,4.880620,246.203629
2.2004507,-0.028236,-0.069215,0.960550,0.963455,4.449990,247.806854
2.2121239,-0.028236,-0.070234,0.966463,0.969423,4.478509,248.098297
2.2198486,-0.030173,-0.071254,0.963507,0.966609,4.591542,247.049179
2.2310030,-0.030173,-0.072171,0.963507,0.966677,4.641483,247.311218
2.2398911,-0.030173,-0.068298,0.965443,0.968326,4.422351,246.164581
2.2514360,-0.033129,-0.068298,0.963507,0.966492,4.504674,244.123154
2.2598109,-0.029256,-0.065341,0.963507,0.966163,4.249482,245.880127
2.2698476,-0.029256,-0.067278,0.964526,0.967312,4.349696,246.498260
2.2798803,-0.028236,-0.070234,0.973293,0.976232,4.447261,248.098297
2.2898078,-0.030173,-0.069215,0.963507,0.966461,4.480870,246.445923
2.2998068,-0.028236,-0.069215,0.962589,0.965487,4.440605,247.806854
2.3111634,-0.031193,-0.065341,0.969419,0.972119,4.271410,244.481171
2.3197849,-0.030173,-0.067278,0.964526,0.967340,4.371570,245.844482
2.3298440,-0.030173,-0.067278,0.963507,0.966324,4.376138,245.844482
2.3405058,-0.025382,-0.068298,0.965443,0.968189,4.315884,249.612839
2.3498025,-0.027319,-0.065341,0.966463,0.969054,4.191150,247.310349
2.3598404,-0.023344,-0.061468,0.969419,0.971646,3.880149,249.204834
2.3698170,-0.026300,-0.067278,0.965443,0.968142,4.279014,248.649017
2.3799393,-0.028236,-0.065341,0.968400,0.971012,4.203980,246.629028
2.3883348,-0.032212,-0.071254,0.968400,0.971552,4.616516,245.673492
2.3983347,-0.032212,-0.071254,0.968400,0.971552,4.616516,245.673492
2.3999410,-0.032212,-0.071254,0.968400,0.971552,4.616516,245.673492
2.4105566,-0.029256,-0.068298,0.965443,0.968298,4.400774,246.811737
2.4198320,-0.029256,-0.067278,0.964526,0.967312,4.349696,246.498260
2.4350245,-0.031193,-0.068298,0.964526,0.967444,4.451179,245.453049
2.4397829,-0.031193,-0.068298,0.964526,0.967444,4.451179,245.453049
2.4511328,-0.030173,-0.070234,0.972273,0.975273,4.495403,246.751251
2.4598360,-0.028236,-0.064424,0.967380,0.969934,4.158782,246.332581
2.4698188,-0.028236,-0.071254,0.964526,0.967566,4.543381,248.382553
2.4798853,-0.030173,-0.070234,0.963507,0.966534,4.536176,246.751251
2.4918945,-0.029256,-0.066361,0.964526,0.967249,4.300063,246.209229
2.5055544,-0.031193,-0.073191,0.965443,0.968716,4.710979,246.917084
2.5111456,-0.031193,-0.073191,0.965443,0.968716,4.710979,246.917084
2.5198102,-0.034149,-0.068298,0.966463,0.969475,4.517483,243.434952
2.5347190,-0.030173,-0.067278,0.966463,0.969271,4.362824,245.844482
2.5398257,-0.030173,-0.067278,0.966463,0.969271,4.362824,245.844482
2.5498273,-0.032212,-0.068298,0.965443,0.968392,4.472338,244.749481
2.5598102,-0.030173,-0.070234,0.961570,0.964603,4.545278,246.751251
2.5699208,-0.033129,-0.075127,0.961570,0.965069,4.880620,246.203629
2.5798569,-0.027319,-0.067278,0.965443,0.968170,4.301247,247.899872
2.5899215,-0.034149,-0.074108,0.964526,0.967971,4.835658,245.259857
2.6011999,-0.031193,-0.070234,0.961570,0.964636,4.569433,246.052948
2.6106102,-0.034149,-0.073191,0.961570,0.964956,4.801181,244.987473
2.6198173,-0.032212,-0.070234,0.968400,0.971477,4.561968,245.362122
2.6302018,-0.028236,-0.069215,0.965443,0.968333,4.427486,247.806854
2.6398234,-0.032212,-0.072171,0.962589,0.965828,4.693774,245.947464
2.6547692,-0.028236,-0.064424,0.970336,0.972883,4.146190,246.332581
2.6598041,-0.028236,-0.064424,0.970336,0.972883,4.146190,246.332581
2.6720893,-0.033129,-0.074108,0.965443,0.968850,4.806238,245.913315
2.6798444,-0.033129,-0.074108,0.965443,0.968850,4.806238,245.913315
2.6905789,-0.028236,-0.066361,0.969419,0.972098,4.254595,246.950287
2.6998098,-0.028236,-0.069215,0.970336,0.973212,4.405311,247.806854
2.7012169,-0.029256,-0.070234,0.968400,0.971384,4.492352,247.386047
2.7112172,-0.029256,-0.070234,0.968400,0.971384,4.492352,247.386047
2.7212169,-0.029256,-0.070234,0.968400,0.971384,4.492352,247.386047
2.7221987,-0.029256,-0.070234,0.968400,0.971384,4.492352,247.386047
2.7298098,-0.028236,-0.070234,0.964526,0.967492,4.487510,248.098297
2.7398193,-0.029256,-0.070234,0.974210,0.977176,4.465632,247.386047
2.7502425,-0.031193,-0.072171,0.967380,0.970570,4.646502,246.625839
2.7598689,-0.029256,-0.070234,0.962589,0.965591,4.519347,247.386047
2.7708759,-0.028236,-0.070234,0.972273,0.975215,4.451883,248.098297
2.7798452,-0.029256,-0.070234,0.963507,0.966506,4.515055,247.386047
2.7904615,-0.031193,-0.069215,0.967380,0.970355,4.487335,245.740692
2.7998319,-0.030173,-0.067278,0.967380,0.970186,4.358737,245.844482
2.8101563,-0.030173,-0.072171,0.962589,0.965762,4.645912,247.311218
2.8201363,-0.030173,-0.069215,0.970336,0.973270,4.449506,246.445923
2.8298178,-0.030173,-0.068298,0.963507,0.966395,4.431201,246.164581
2.8398116,-0.030173,-0.066361,0.968400,0.971139,4.304934,245.549408
2.8511822,-0.029256,-0.069215,0.959633,0.962570,4.477372,247.087173
2.8597996,-0.030173,-0.068298,0.966463,0.969343,4.417698,246.164581
2.8710995,-0.029256,-0.070234,0.962589,0.965591,4.519347,247.386047
2.8797910,-0.030173,-0.066361,0.963507,0.966260,4.326716,245.549408
2.8802867,-0.031193,-0.071254,0.965443,0.968572,4.606194,246.357727
2.8902867,-0.031193,-0.071254,0.965443,0.968572,4.606194,246.357727
2.9002867,-0.031193,-0.071254,0.965443,0.968572,4.606194,246.357727
2.9027653,-0.031193,-0.071254,0.965443,0.968572,4.606194,246.357727
2.9099321,-0.025382,-0.067278,0.968400,0.971066,4.246670,249.329880
2.9198759,-0.029256,-0.066361,0.964526,0.967249,4.300063,246.209229
2.9318931,-0.028236,-0.070234,0.967380,0.970337,4.474308,248.098297
2.9400499,-0.027319,-0.066361,0.965443,0.968107,4.251141,247.624298
2.9502881,-0.031193,-0.067278,0.967380,0.970218,4.383650,245.125854
2.9599032,-0.029256,-0.069215,0.963507,0.966432,4.459487,247.087173
2.9754632,-0.030173,-0.074108,0.963507,0.966823,4.747265,247.846176
2.9798133,-0.026300,-0.066361,0.970336,0.972958,4.207380,248.380920
2.9898088,-0.025382,-0.070234,0.967380,0.970258,4.414372,250.130478
3.0010991,-0.027319,-0.063405,0.969419,0.971874,4.073571,246.690323
3.0124960,-0.033129,-0.070234,0.962589,0.965716,4.612313,244.746841
3.0218611,-0.027319,-0.066361,0.963507,0.966175,4.259655,247.624298
3.0222950,-0.026300,-0.067278,0.964526,0.967227,4.283086,248.649017
3.0322950,-0.026300,-0.067278,0.964526,0.967227,4.283086,248.649017
3.0422950,-0.026300,-0.067278,0.964526,0.967227,4.283086,248.649017
3.0434711,-0.026300,-0.067278,0.967380,0.970073,4.270447,248.649017
3.0498219,-0.032212,-0.067278,0.967380,0.970252,4.409178,244.415466
3.0597916,-0.029256,-0.063405,0.967380,0.969897,4.128677,245.230698
3.0703714,-0.028236,-0.069215,0.972273,0.975143,4.396544,247.806854
3.0798364,-0.028236,-0.065341,0.972273,0.974875,4.187223,246.629028
3.0897934,-0.029256,-0.070234,0.967380,0.970368,4.497058,247.386047
3.0998518,-0.029256,-0.068298,0.967380,0.970229,4.391997,246.811737
3.1098917,-0.029256,-0.064424,0.965443,0.968033,4.191664,245.576538
3.1198189,-0.026300,-0.067278,0.971356,0.974038,4.253029,248.649017
3.1298087,-0.028236,-0.068298,0.962589,0.965422,4.390347,247.538193
3.1398194,-0.027319,-0.062385,0.970336,0.972723,4.014833,246.350983
3.1498442,-0.026300,-0.059531,0.961570,0.963770,3.872015,246.165085
3.1597836,-0.029256,-0.059531,0.971356,0.973618,3.906504,243.828735
3.1699634,-0.031193,-0.069215,0.971356,0.974318,4.469052,245.740692
3.1797943,-0.028236,-0.064424,0.969419,0.971968,4.150062,246.332581
3.1899028,-0.026300,-0.061468,0.967380,0.969688,3.953542,246.835815
3.1998658,-0.026300,-0.065341,0.972273,0.974821,4.143497,248.075409
3.2098930,-0.026300,-0.066361,0.970336,0.972958,4.207380,248.380920
3.2201285,-0.027319,-0.067278,0.971356,0.974066,4.275214,247.899872
3.2298682,-0.030173,-0.069215,0.969419,0.972355,4.453642,246.445923
3.2398369,-0.027319,-0.062385,0.969419,0.971808,4.018588,246.350983
3.2500017,-0.029256,-0.063405,0.962589,0.965119,4.149117,245.230698
3.2598176,-0.028236,-0.067278,0.970336,0.973076,4.300200,247.232361
3.2698007,-0.029256,-0.067278,0.964526,0.967312,4.349696,246.498260
3.2798257,-0.028236,-0.061468,0.969419,0.971776,3.991499,245.327377
3.2904725,-0.032212,-0.070234,0.966463,0.969547,4.571061,245.362122
3.3002293,-0.030173,-0.071254,0.968400,0.971486,4.568490,247.049179
3.3165796,-0.033129,-0.072171,0.964526,0.967790,4.706694,245.343002
3.3198454,-0.031193,-0.069215,0.960550,0.963546,4.519087,245.740692
3.3298225,-0.031193,-0.061468,0.965443,0.967901,4.083798,243.093903
3.3398092,-0.032212,-0.074108,0.966463,0.969835,4.779384,246.507202
3.3498282,-0.033129,-0.065341,0.961570,0.964356,4.356850,243.114059
3.3598301,-0.031193,-0.075127,0.962589,0.966020,4.830429,247.451935
3.3698063,-0.031193,-0.064424,0.969419,0.972058,4.222852,244.164795
3.3798494,-0.029256,-0.067278,0.967380,0.970158,4.336935,246.498260
3.3904247,-0.026300,-0.062385,0.965443,0.967814,4.011369,247.141235
3.4005094,-0.033129,-0.069215,0.966463,0.969504,4.539629,244.422119
3.4105721,-0.027319,-0.065341,0.973293,0.975866,4.161890,247.310349
3.4198363,-0.025382,-0.065341,0.970336,0.972865,4.131901,248.771057
3.4298623,-0.028236,-0.070234,0.963507,0.966476,4.492221,248.098297
3.4398181,-0.029256,-0.068298,0.968400,0.971246,4.387402,246.811737
3.4509642,-0.028236,-0.069215,0.961570,0.964471,4.445278,247.806854
3.4598434,-0.028236,-0.062385,0.968400,0.970818,4.044768,245.647812
3.4706907,-0.030173,-0.070234,0.970336,0.973343,4.504326,246.751251
3.4797828,-0.035066,-0.072171,0.967380,0.970702,4.741525,244.086014
3.4891086,-0.032212,-0.069215,0.964526,0.967543,4.525628,245.043182
3.4991086,-0.032212,-0.069215,0.964526,0.967543,4.525628,245.043182
3.5002592,-0.032212,-0.069215,0.964526,0.967543,4.525628,245.043182
3.5097969,-0.029256,-0.067278,0.966463,0.969243,4.340997,246.498260
3.5227675,-0.029256,-0.073191,0.966463,0.969672,4.662537,248.212357
3.5298116,-0.031193,-0.073191,0.964526,0.967802,4.715425,246.917084
3.5397892,-0.027319,-0.069215,0.966463,0.969323,4.402732,248.460953
3.5504565,-0.028236,-0.066361,0.968400,0.971081,4.259058,246.950287
3.5598502,-0.027319,-0.069215,0.967380,0.970238,4.398548,248.460953
3.5701537,-0.028236,-0.070234,0.964526,0.967492,4.487510,248.098297
3.5797670,-0.027319,-0.066361,0.969419,0.972072,4.233783,247.624298
3.5904222,-0.024363,-0.065341,0.967380,0.969890,4.123171,249.551788
3.6020508,-0.028236,-0.067278,0.970336,0.973076,4.300200,247.232361
3.6101360,-0.030173,-0.063405,0.970336,0.972874,4.138957,244.550964
3.6198561,-0.032212,-0.069215,0.963507,0.966526,4.530386,245.043182
3.6302798,-0.025382,-0.068298,0.967380,0.970120,4.307299,249.612839
3.6398115,-0.028236,-0.071254,0.965443,0.968481,4.539111,248.382553
3.6502061,-0.028236,-0.067278,0.965443,0.968197,4.321915,247.232361
3.6598744,-0.028236,-0.068298,0.970336,0.973147,4.355456,247.538193
3.6709576,-0.028236,-0.066361,0.970336,0.973013,4.250542,246.950287
3.6798425,-0.028236,-0.068298,0.967380,0.970199,4.368746,247.538193
3.6898527,-0.026300,-0.069215,0.967380,0.970210,4.376898,249.194687
3.7004433,-0.026300,-0.061468,0.971356,0.973654,3.937411,246.835815
3.7110682,-0.029256,-0.065341,0.967380,0.970026,4.232488,245.880127
3.7198598,-0.027319,-0.067278,0.964526,0.967255,4.305343,247.899872
3.7310610,-0.028236,-0.066361,0.963507,0.966202,4.280616,246.950287
3.7398653,-0.026300,-0.062385,0.963507,0.965882,4.019367,247.141235
3.7541692,-0.030173,-0.071254,0.967380,0.970470,4.573246,247.049179
3.7598343,-0.030173,-0.071254,0.967380,0.970470,4.573246,247.049179
3.7698243,-0.033129,-0.067278,0.969419,0.972315,4.423547,243.783249
3.7798262,-0.028236,-0.065341,0.970336,0.972944,4.195540,246.629028
3.7898092,-0.027319,-0.069215,0.971356,0.974202,4.380611,248.460953
3.7998071,-0.029256,-0.066361,0.963507,0.966232,4.304570,246.209229
3.8102801,-0.028236,-0.067278,0.966463,0.969213,4.317381,247.232361
3.8105218,-0.028236,-0.066361,0.970336,0.973013,4.250542,246.950287
3.8205218,-0.028236,-0.066361,0.970336,0.973013,4.250542,246.950287
3.8305218,-0.028236,-0.066361,0.970336,0.973013,4.250542,246.950287
3.8316607,-0.028236,-0.066361,0.970336,0.973013,4.250542,246.950287
3.8397975,-0.031193,-0.070234,0.973293,0.976322,4.514621,246.052948
3.8506405,-0.031193,-0.067278,0.973293,0.976114,4.357075,245.125854
3.8598070,-0.028236,-0.069215,0.966463,0.969349,4.422839,247.806854
3.8705471,-0.030173,-0.068298,0.971356,0.974221,4.395564,246.164581
3.8797946,-0.027319,-0.065341,0.968400,0.970986,4.182824,247.310349
3.8899906,-0.025382,-0.066361,0.966463,0.969071,4.204539,249.068726
3.8998106,-0.029256,-0.066361,0.968400,0.971111,4.282903,246.209229
3.9098866,-0.030173,-0.070234,0.969419,0.972428,4.508586,246.751251
3.9233599,-0.028236,-0.067278,0.969419,0.972161,4.304251,247.232361
3.9302568,-0.028236,-0.066361,0.966463,0.969150,4.267556,246.950287
3.9398036,-0.025382,-0.059531,0.969419,0.971577,3.819263,246.908066
3.9501402,-0.027319,-0.065341,0.971356,0.973934,4.170163,247.310349
3.9598227,-0.028236,-0.061468,0.972273,0.974623,3.979805,245.327377
3.9701793,-0.025382,-0.061468,0.971356,0.973630,3.916567,247.562546
3.9803796,-0.028236,-0.067278,0.968400,0.971144,4.308753,247.232361
3.9811218,-0.029256,-0.065341,0.964526,0.967179,4.245009,245.880127
3.9911215,-0.029256,-0.065341,0.964526,0.967179,4.245009,245.880127
4.0011215,-0.029256,-0.065341,0.964526,0.967179,4.245009,245.880127
4.0027027,-0.029256,-0.065341,0.964526,0.967179,4.245009,245.880127
4.0097852,-0.026300,-0.065341,0.967380,0.969941,4.164382,248.075409
4.0198770,-0.029256,-0.064424,0.967380,0.969964,4.183292,245.576538
4.0354419,-0.030173,-0.065341,0.967380,0.970054,4.254917,245.213516
4.0397897,-0.032212,-0.067278,0.971356,0.974216,4.391239,244.415466
4.0499177,-0.027319,-0.064424,0.967380,0.969908,4.137395,247.020599
4.0598850,-0.030173,-0.068298,0.965443,0.968326,4.422351,246.164581
4.0711274,-0.025382,-0.064424,0.963507,0.965991,4.110565,248.496185
4.0798087,-0.025382,-0.065341,0.968400,0.970933,4.140187,248.771057
4.0898581,-0.031193,-0.069215,0.967380,0.970355,4.487335,245.740692
4.0998034,-0.027319,-0.064424,0.966463,0.968993,4.141275,247.020599
4.1099005,-0.029256,-0.064424,0.966463,0.969049,4.187223,245.576538
4.1197982,-0.030173,-0.070234,0.969419,0.972428,4.508586,246.751251
4.1207647,-0.026300,-0.061468,0.970336,0.972637,3.941586,246.835815
4.1307645,-0.026300,-0.061468,0.970336,0.972637,3.941586,246.835815
4.1407647,-0.026300,-0.061468,0.970336,0.972637,3.941586,246.835815
4.1419601,-0.026300,-0.061468,0.970336,0.972637,3.941586,246.835815
4.1498008,-0.026300,-0.064424,0.969419,0.971913,4.105655,247.793350
4.1599565,-0.030173,-0.065341,0.967380,0.970054,4.254917,245.213516
4.1698799,-0.027319,-0.062385,0.967380,0.969775,4.027058,246.350983
4.1798062,-0.032212,-0.072171,0.962589,0.965828,4.693774,245.947464
4.1901937,-0.029256,-0.066361,0.961570,0.964301,4.313206,246.209229
4.1998053,-0.027319,-0.068298,0.964526,0.967327,4.361163,248.198593
4.2106276,-0.030173,-0.075127,0.964526,0.967918,4.798038,248.118210
4.2197976,-0.029256,-0.067278,0.964526,0.967312,4.349696,246.498260
4.2319884,-0.027319,-0.062385,0.965443,0.967843,4.035074,246.350983
4.2398343,-0.025382,-0.069215,0.964526,0.967339,4.370853,249.861221
4.2498403,-0.029256,-0.063405,0.964526,0.967050,4.140849,245.230698
4.2603617,-0.030173,-0.064424,0.969419,0.972026,4.197080,244.903748
4.2642536,-0.027319,-0.067278,0.965443,0.968170,4.301247,247.899872
4.2742538,-0.027319,-0.067278,0.965443,0.968170,4.301247,247.899872
4.2842536,-0.027319,-0.067278,0.965443,0.968170,4.301247,247.899872
4.2853842,-0.027319,-0.067278,0.965443,0.968170,4.301247,247.899872
4.2898078,-0.027319,-0.067278,0.965443,0.968170,4.301247,247.899872
4.2998061,-0.032212,-0.069215,0.966463,0.969473,4.516529,245.043182
4.3098135,-0.027319,-0.066361,0.965443,0.968107,4.251141,247.624298
4.3198862,-0.031193,-0.068298,0.963507,0.966428,4.455884,245.453049
4.3298030,-0.028236,-0.072171,0.970336,0.973426,4.566388,248.632431
4.3398876,-0.032212,-0.063405,0.967380,0.969991,4.204586,243.067673
4.3498263,-0.028236,-0.062385,0.961570,0.964005,4.073426,245.647812
4.3611746,-0.027319,-0.062385,0.968400,0.970791,4.022825,246.350983
4.3698044,-0.027319,-0.067278,0.964526,0.967255,4.305343,247.899872
4.3798175,-0.030173,-0.069215,0.965443,0.968391,4.471900,246.445923
4.3901224,-0.024363,-0.067278,0.965443,0.968091,4.238730,250.093613
4.3998084,-0.030173,-0.069215,0.965443,0.968391,4.471900,246.445923
4.4098186,-0.030173,-0.071254,0.967380,0.970470,4.573246,247.049179
4.4198003,-0.027319,-0.066361,0.965443,0.968107,4.251141,247.624298
4.4298263,-0.029256,-0.069215,0.971356,0.974258,4.423635,247.087173
4.4422736,-0.031193,-0.067278,0.973293,0.976114,4.357075,245.125854
4.4502964,-0.028236,-0.067278,0.967380,0.970128,4.313251,247.232361
4.4599962,-0.029256,-0.069215,0.963507,0.966432,4.459487,247.087173
4.4698234,-0.024363,-0.063405,0.970336,0.972711,4.004235,248.981003
4.4798465,-0.030173,-0.069215,0.962589,0.965546,4.485152,246.445923
4.4898815,-0.031193,-0.071254,0.963507,0.966641,4.615413,246.357727
4.4998050,-0.024363,-0.065341,0.966463,0.968975,4.127064,249.551788
4.5107560,-0.027319,-0.070234,0.965443,0.968380,4.463351,248.745483
4.5198097,-0.027319,-0.065341,0.973293,0.975866,4.161890,247.310349
4.5299006,-0.028236,-0.068298,0.972273,0.975078,4.346813,247.538193
4.5398035,-0.025382,-0.063405,0.971356,0.973754,4.021851,248.182709
4.5547657,-0.029256,-0.064424,0.967380,0.969964,4.183292,245.576538
4.5598083,-0.029256,-0.064424,0.971356,0.973929,4.166216,245.576538
4.5697975,-0.029256,-0.061468,0.968400,0.970789,4.021072,244.547714
4.5798135,-0.029256,-0.065341,0.974210,0.976837,4.202956,245.880127
4.5883994,-0.028236,-0.071254,0.965443,0.968481,4.539111,248.382553
4.5983992,-0.028236,-0.071254,0.965443,0.968481,4.539111,248.382553
4.5998111,-0.028236,-0.071254,0.965443,0.968481,4.539111,248.382553
4.6099629,-0.032212,-0.065341,0.967380,0.970119,4.306616,243.757629
4.6198187,-0.030173,-0.074108,0.970336,0.973630,4.714055,247.846176
4.6354542,-0.028236,-0.065341,0.971356,0.973960,4.191196,246.629028
4.6397805,-0.028236,-0.065341,0.971356,0.973960,4.191196,246.629028
4.6498275,-0.034149,-0.070234,0.964526,0.967682,4.629101,244.070435
4.6598201,-0.027319,-0.065341,0.969419,0.972003,4.178467,247.310349
4.6698484,-0.029256,-0.065341,0.972273,0.974905,4.211288,245.880127
4.6798177,-0.028236,-0.066361,0.966463,0.969150,4.267556,246.950287
4.6884422,-0.026300,-0.064424,0.966463,0.968965,4.118180,247.793350
4.6984425,-0.026300,-0.064424,0.966463,0.968965,4.118180,247.793350
4.7001615,-0.026300,-0.064424,0.966463,0.968965,4.118180,247.793350
4.7099156,-0.028236,-0.067278,0.967380,0.970128,4.313251,247.232361
4.7197981,-0.030173,-0.068298,0.969419,0.972290,4.404289,246.164581
4.7299571,-0.027319,-0.067278,0.966463,0.969187,4.296737,247.899872
4.7398148,-0.023344,-0.061468,0.965443,0.967680,3.896114,249.204834
4.7501593,-0.024363,-0.063405,0.971356,0.973728,4.000027,248.981003
4.7598195,-0.025382,-0.064424,0.974210,0.976668,4.065582,248.496185
4.7704248,-0.027319,-0.063405,0.969419,0.971874,4.073571,246.690323
4.7798276,-0.027319,-0.066361,0.973293,0.975935,4.216958,247.624298
4.7859802,-0.030173,-0.064424,0.972273,0.974872,4.184790,244.903748
4.7959800,-0.030173,-0.064424,0.972273,0.974872,4.184790,244.903748
4.8059807,-0.030173,-0.064424,0.972273,0.974872,4.184790,244.903748
4.8068814,-0.028236,-0.067278,0.966463,0.969213,4.317381,247.232361
4.8102469,-0.028236,-0.067278,0.966463,0.969213,4.317381,247.232361
4.8197680,-0.027319,-0.066361,0.965443,0.968107,4.251141,247.624298
4.8301773,-0.029256,-0.066361,0.971356,0.974059,4.269942,246.209229
4.8398914,-0.028236,-0.067278,0.970336,0.973076,4.300200,247.232361
4.8501735,-0.027319,-0.062385,0.964526,0.966927,4.038954,246.350983
4.8599238,-0.026300,-0.062385,0.970336,0.972695,3.991156,247.141235
4.8752980,-0.029256,-0.064424,0.967380,0.969964,4.183292,245.576538
4.8797960,-0.029256,-0.064424,0.967380,0.969964,4.183292,245.576538
4.8908510,-0.027319,-0.062385,0.966463,0.968859,4.030849,246.350983
4.8998542,-0.028236,-0.062385,0.966463,0.968886,4.052846,245.647812
4.9107757,-0.027319,-0.062385,0.968400,0.970791,4.022825,246.350983
4.9198184,-0.027319,-0.062385,0.969419,0.971808,4.018588,246.350983
4.9310570,-0.025382,-0.067278,0.968400,0.971066,4.246670,249.329880
4.9398203,-0.027319,-0.064424,0.964526,0.967061,4.149637,247.020599
4.9503698,-0.029256,-0.068298,0.972273,0.975108,4.369957,246.811737
4.9598331,-0.026300,-0.066361,0.962589,0.965232,4.241086,248.380920
4.9698520,-0.029256,-0.067278,0.966463,0.969243,4.340997,246.498260
4.9798312,-0.028236,-0.066361,0.969419,0.972098,4.254595,246.950287
4.9903302,-0.029256,-0.070234,0.969419,0.972400,4.487641,247.386047
5.0044436,-0.032212,-0.075127,0.967380,0.970828,4.829942,246.792023
5.0102720,-0.026300,-0.067278,0.966463,0.969159,4.274480,248.649017
5.0197978,-0.031193,-0.065341,0.969419,0.972119,4.271410,244.481171
5.0305119,-0.030173,-0.070234,0.966463,0.969481,4.522337,246.751251
5.0458989,-0.033129,-0.075127,0.964526,0.968014,4.865746,246.203629
5.0506158,-0.031193,-0.065341,0.970336,0.973034,4.267418,244.481171
5.0598159,-0.029256,-0.064424,0.965443,0.968033,4.191664,245.576538
5.0703783,-0.030173,-0.067278,0.968400,0.971203,4.354107,245.844482
5.0798364,-0.032212,-0.067278,0.970336,0.973199,4.395831,244.415466
5.0903268,-0.032212,-0.065341,0.967380,0.970119,4.306616,243.757629
5.0997701,-0.031193,-0.067278,0.965443,0.968287,4.392399,245.125854
5.1008010,-0.029256,-0.066361,0.968400,0.971111,4.282903,246.209229
5.1108007,-0.029256,-0.066361,0.968400,0.971111,4.282903,246.209229
5.1208005,-0.029256,-0.066361,0.968400,0.971111,4.282903,246.209229
5.1230998,-0.029256,-0.066361,0.968400,0.971111,4.282903,246.209229
5.1301541,-0.029256,-0.069215,0.970336,0.973242,4.428238,247.087173
5.1455450,-0.027319,-0.065341,0.968400,0.970986,4.182824,247.310349
5.1497908,-0.030173,-0.069215,0.968400,0.971339,4.458345,246.445923
5.1597972,-0.028236,-0.061468,0.970336,0.972691,3.987720,245.327377
5.1698284,-0.028236,-0.071254,0.970336,0.973359,4.516313,248.382553
5.1798415,-0.029256,-0.067278,0.965443,0.968227,4.345551,246.498260
5.1912060,-0.030173,-0.072171,0.972273,0.975415,4.599895,247.311218
5.1998224,-0.026300,-0.059531,0.966463,0.968652,3.852444,246.165085
5.2105756,-0.032212,-0.069215,0.965443,0.968457,4.521340,245.043182
5.2274637,-0.032212,-0.069215,0.963507,0.966526,4.530386,245.043182
5.2307544,-0.028236,-0.066361,0.969419,0.972098,4.254595,246.950287
5.2398152,-0.028236,-0.065341,0.966463,0.969081,4.212311,246.629028
5.2501936,-0.032212,-0.071254,0.967380,0.970535,4.621350,245.673492
5.2502575,-0.024363,-0.063405,0.968400,0.970779,4.012247,248.981003
5.2602572,-0.024363,-0.063405,0.968400,0.970779,4.012247,248.981003
5.2702570,-0.024363,-0.063405,0.968400,0.970779,4.012247,248.981003
5.2740588,-0.027319,-0.070234,0.968400,0.971327,4.449770,248.745483
5.2797875,-0.027319,-0.070234,0.968400,0.971327,4.449770,248.745483
5.2907109,-0.030173,-0.069215,0.960550,0.963514,4.494662,246.445923
5.2998195,-0.027319,-0.069215,0.970336,0.973185,4.385214,248.460953
5.3098369,-0.028236,-0.066361,0.969419,0.972098,4.254595,246.950287
5.3199935,-0.027319,-0.063405,0.968400,0.970857,4.077895,246.690323
5.3303938,-0.026300,-0.061468,0.965443,0.967756,3.961508,246.835815
5.3398204,-0.027319,-0.067278,0.970336,0.973050,4.279655,247.899872
5.3501921,-0.028236,-0.067278,0.964526,0.967282,4.326037,247.232361
5.3600693,-0.027319,-0.060449,0.968400,0.970669,3.918616,245.679916
5.3702979,-0.031193,-0.066361,0.966463,0.969240,4.338786,244.824310
5.3798003,-0.024363,-0.066361,0.967380,0.969960,4.179451,249.840424
5.3901634,-0.033129,-0.068298,0.970336,0.973301,4.473083,244.123154
5.3998389,-0.027319,-0.062385,0.973293,0.975672,4.002669,246.350983
5.4098301,-0.029256,-0.066361,0.971356,0.974059,4.269942,246.209229
5.4203629,-0.029256,-0.069215,0.968400,0.971311,4.437075,247.087173
5.4298482,-0.027319,-0.068298,0.970336,0.973121,4.335173,248.198593
5.4398074,-0.030173,-0.066361,0.969419,0.972156,4.300427,245.549408
5.4498458,-0.028236,-0.062385,0.972273,0.974682,4.028759,245.647812
5.4598441,-0.033129,-0.070234,0.968400,0.971508,4.584754,244.746841
5.4766946,-0.026300,-0.065341,0.963507,0.966078,4.181091,248.075409
5.4810138,-0.029256,-0.066361,0.967380,0.970095,4.287382,246.209229
5.4898067,-0.028236,-0.067278,0.963507,0.966265,4.330562,247.232361
5.4998436,-0.029256,-0.060449,0.976249,0.978556,3.935122,244.173965
5.5098557,-0.030173,-0.070234,0.967380,0.970396,4.518047,246.751251
5.5198479,-0.027319,-0.065341,0.968400,0.970986,4.182824,247.310349
5.5297995,-0.028236,-0.065341,0.979103,0.981687,4.158123,246.629028
5.5304346,-0.025382,-0.067278,0.964526,0.967203,4.263654,249.329880
5.5404348,-0.025382,-0.067278,0.964526,0.967203,4.263654,249.329880
5.5504346,-0.025382,-0.067278,0.964526,0.967203,4.263654,249.329880
5.5516233,-0.025382,-0.067278,0.964526,0.967203,4.263654,249.329880
5.5598288,-0.027319,-0.065341,0.968400,0.970986,4.182824,247.310349
5.5703478,-0.031193,-0.063405,0.967380,0.969957,4.177717,243.804596
5.5798306,-0.031193,-0.074108,0.963507,0.966856,4.770276,247.173401
5.5899358,-0.031193,-0.074108,0.965443,0.968786,4.760780,247.173401
5.5998325,-0.033129,-0.068298,0.961570,0.964561,4.513710,244.123154
5.6116819,-0.028236,-0.068298,0.968400,0.971215,4.364126,247.538193
5.6198258,-0.026300,-0.068298,0.967380,0.970145,4.326399,248.939575
5.6301122,-0.029256,-0.067278,0.967380,0.970158,4.336935,246.498260
5.6398225,-0.032212,-0.068298,0.966463,0.969408,4.467606,244.749481
5.6485801,-0.029256,-0.071254,0.966463,0.969527,4.556769,247.677612
5.6585803,-0.029256,-0.071254,0.966463,0.969527,4.556769,247.677612
5.6599970,-0.029256,-0.071254,0.966463,0.969527,4.556769,247.677612
5.6702161,-0.027319,-0.072171,0.964526,0.967608,4.574317,249.266785
5.6801267,-0.031193,-0.071254,0.969419,0.972534,4.587359,246.357727
5.6902452,-0.028236,-0.064424,0.965443,0.968002,4.167109,246.332581
5.6998200,-0.031193,-0.068298,0.974210,0.977099,4.407134,245.453049
5.7103219,-0.030173,-0.069215,0.965443,0.968391,4.471900,246.445923
5.7199154,-0.032212,-0.069215,0.966463,0.969473,4.516529,245.043182
5.7299156,-0.032212,-0.069215,0.966463,0.969473,4.516529,245.043182
5.7311492,-0.032212,-0.069215,0.966463,0.969473,4.516529,245.043182
5.7398276,-0.030173,-0.065341,0.971356,0.974018,4.237575,245.213516
5.7509074,-0.029256,-0.066361,0.965443,0.968164,4.296007,246.209229
5.7598300,-0.029256,-0.065341,0.965443,0.968094,4.240993,245.880127
5.7702141,-0.032212,-0.067278,0.970336,0.973199,4.395831,244.415466
5.7797880,-0.027319,-0.060449,0.965443,0.967720,3.930591,245.679916
5.7811198,-0.029256,-0.066361,0.969419,0.972128,4.278419,246.209229
5.7911196,-0.029256,-0.066361,0.969419,0.972128,4.278419,246.209229
5.8011198,-0.029256,-0.066361,0.969419,0.972128,4.278419,246.209229
5.8023119,-0.029256,-0.066361,0.969419,0.972128,4.278419,246.209229
5.8098030,-0.029256,-0.066361,0.960550,0.963284,4.317744,246.209229
5.8198438,-0.028236,-0.068298,0.967380,0.970199,4.368746,247.538193
5.8313580,-0.031193,-0.076147,0.963507,0.967014,4.881464,247.724106
5.8400612,-0.027319,-0.067278,0.962589,0.965324,4.313932,247.899872
5.8498354,-0.031193,-0.069215,0.965443,0.968424,4.496274,245.740692
5.8598228,-0.031193,-0.070234,0.962589,0.965652,4.564629,246.052948
5.8698020,-0.029256,-0.072171,0.966463,0.969595,4.606832,247.933975
5.8798018,-0.029256,-0.066361,0.965443,0.968164,4.296007,246.209229
5.8910642,-0.029256,-0.069215,0.963507,0.966432,4.459487,247.087173
5.8997931,-0.029256,-0.069215,0.964526,0.967449,4.454830,247.087173
5.9097991,-0.029256,-0.068298,0.965443,0.968298,4.400774,246.811737
5.9198222,-0.027319,-0.069215,0.968400,0.971254,4.393915,248.460953
5.9201245,-0.026300,-0.065341,0.968400,0.970958,4.160054,248.075409
5.9301248,-0.026300,-0.065341,0.968400,0.970958,4.160054,248.075409
5.9401245,-0.026300,-0.065341,0.968400,0.970958,4.160054,248.075409
5.9411607,-0.026300,-0.065341,0.969419,0.971974,4.155674,248.075409
5.9501934,-0.026300,-0.065341,0.969419,0.971974,4.155674,248.075409
5.9598699,-0.028236,-0.064424,0.967380,0.969934,4.158782,246.332581
5.9709554,-0.031193,-0.063405,0.961570,0.964163,4.202909,243.804596
5.9798036,-0.031193,-0.063405,0.961570,0.964163,4.202909,243.804596
5.9904027,-0.030173,-0.069215,0.968400,0.971339,4.458345,246.445923
5.9998484,-0.031193,-0.065341,0.965443,0.968155,4.288935,244.481171
6.0177951,-0.029256,-0.071254,0.967380,0.970442,4.552512,247.677612
6.0198092,-0.029256,-0.071254,0.969419,0.972474,4.542950,247.677612
6.0306902,-0.031193,-0.069215,0.965443,0.968424,4.496274,245.740692
6.0398617,-0.026300,-0.064424,0.973293,0.975777,4.089405,247.793350
6.0498056,-0.028236,-0.066361,0.970336,0.973013,4.250542,246.950287
6.0598059,-0.028236,-0.066361,0.970336,0.973013,4.250542,246.950287
6.0616107,-0.028236,-0.065341,0.968400,0.971012,4.203980,246.629028
6.0717688,-0.028236,-0.070234,0.968400,0.971354,4.469622,248.098297
6.0798874,-0.030173,-0.068298,0.968400,0.971274,4.408911,246.164581
6.0907798,-0.029256,-0.064424,0.968400,0.970981,4.178842,245.576538
6.0998554,-0.030173,-0.068298,0.968400,0.971274,4.408911,246.164581
6.1106043,-0.028236,-0.070234,0.966463,0.969423,4.478509,248.098297
6.1201248,-0.032212,-0.069215,0.961570,0.964596,4.539456,245.043182
6.1311970,-0.031193,-0.068298,0.968400,0.971306,4.433454,245.453049
6.1398244,-0.028236,-0.070234,0.968400,0.971354,4.469622,248.098297
6.1502967,-0.026300,-0.062385,0.965443,0.967814,4.011369,247.141235
6.1598034,-0.028236,-0.067278,0.964526,0.967282,4.326037,247.232361
6.1703386,-0.029256,-0.064424,0.965443,0.968033,4.191664,245.576538
6.1798148,-0.029256,-0.076147,0.966463,0.969899,4.824545,248.983047
6.1903410,-0.031193,-0.070234,0.965443,0.968497,4.551178,246.052948
6.2004480,-0.031193,-0.066361,0.970336,0.973103,4.321507,244.824310
6.2103491,-0.031193,-0.066361,0.962589,0.965378,4.356175,244.824310
6.2198272,-0.031193,-0.066361,0.971356,0.974119,4.317019,244.824310
6.2304807,-0.028236,-0.066361,0.968400,0.971081,4.259058,246.950287
6.2398310,-0.027319,-0.064424,0.968400,0.970925,4.133086,247.020599
6.2503748,-0.028236,-0.064424,0.968400,0.970951,4.154448,246.332581
6.2598186,-0.030173,-0.068298,0.968400,0.971274,4.408911,246.164581
6.2702093,-0.028236,-0.066361,0.969419,0.972098,4.254595,246.950287
6.2798152,-0.032212,-0.069215,0.960550,0.963579,4.544243,245.043182
6.2905126,-0.034149,-0.073191,0.962589,0.965971,4.796119,244.987473
6.2998137,-0.032212,-0.072171,0.969419,0.972635,4.660814,245.947464
6.3106804,-0.029256,-0.065341,0.965443,0.968094,4.240993,245.880127
6.3198037,-0.028236,-0.065341,0.964526,0.967149,4.220765,246.629028
6.3306751,-0.031193,-0.067278,0.965443,0.968287,4.392399,245.125854
6.3397980,-0.028236,-0.071254,0.959633,0.962689,4.566431,248.382553
6.3504310,-0.028236,-0.069215,0.963507,0.966402,4.436369,247.806854
6.3614926,-0.031193,-0.066361,0.970336,0.973103,4.321507,244.824310
6.3704553,-0.032212,-0.071254,0.966463,0.969621,4.625714,245.673492
6.3801003,-0.028236,-0.063405,0.968400,0.970884,4.099545,245.994797
6.3898258,-0.028236,-0.066361,0.968400,0.971081,4.259058,246.950287
6.3998089,-0.024363,-0.069215,0.968400,0.971176,4.333139,250.608536
6.4098077,-0.027319,-0.066361,0.965443,0.968107,4.251141,247.624298
6.4198418,-0.030173,-0.065341,0.966463,0.969139,4.258920,245.213516
6.4313669,-0.029256,-0.069215,0.966463,0.969380,4.445895,247.087173
6.4398017,-0.028236,-0.070234,0.967380,0.970337,4.474308,248.098297
6.4538221,-0.027319,-0.066361,0.967380,0.970038,4.242656,247.624298
6.4598198,-0.027319,-0.066361,0.967380,0.970038,4.242656,247.624298
6.4699826,-0.025382,-0.065341,0.969419,0.971950,4.135786,248.771057
6.4804654,-0.028236,-0.069215,0.970336,0.973212,4.405311,247.806854
6.4901633,-0.030173,-0.068298,0.968400,0.971274,4.408911,246.164581
6.5001636,-0.030173,-0.068298,0.968400,0.971274,4.408911,246.164581
6.5017333,-0.026300,-0.065341,0.967380,0.969941,4.164382,248.075409
6.5103312,-0.026300,-0.065341,0.967380,0.969941,4.164382,248.075409
6.5198855,-0.030173,-0.061468,0.967380,0.969801,4.048882,243.854553
6.5298223,-0.028236,-0.069215,0.967380,0.970264,4.418718,247.806854
6.5397992,-0.030173,-0.070234,0.965443,0.968465,4.527099,246.751251
6.5498238,-0.027319,-0.066361,0.970336,0.972987,4.229757,247.624298
6.5586576,-0.032212,-0.072171,0.963507,0.966743,4.689306,245.947464
6.5686584,-0.032212,-0.072171,0.963507,0.966743,4.689306,245.947464
6.5699329,-0.029256,-0.068298,0.971356,0.974193,4.374078,246.811737
6.5798578,-0.027319,-0.067278,0.969419,0.972135,4.283680,247.899872
6.5903177,-0.028236,-0.063405,0.966463,0.968952,4.107705,245.994797
6.6002083,-0.027319,-0.067278,0.969419,0.972135,4.283680,247.899872
6.6103606,-0.031193,-0.065341,0.968400,0.971103,4.275901,244.481171
6.6198182,-0.027319,-0.065341,0.967380,0.969969,4.187223,247.310349
6.6303563,-0.030173,-0.066361,0.968400,0.971139,4.304934,245.549408
6.6398573,-0.031193,-0.073191,0.965443,0.968716,4.710979,246.917084
6.6498618,-0.029256,-0.067278,0.964526,0.967312,4.349696,246.498260
6.6598110,-0.027319,-0.062385,0.967380,0.969775,4.027058,246.350983
6.6700983,-0.029256,-0.066361,0.967380,0.970095,4.287382,246.209229
6.6798143,-0.029256,-0.067278,0.967380,0.970158,4.336935,246.498260
6.6903968,-0.028236,-0.065341,0.966463,0.969081,4.212311,246.629028
6.6998291,-0.028236,-0.066361,0.966463,0.969150,4.267556,246.950287
6.7099433,-0.034149,-0.071254,0.964526,0.967757,4.683245,244.393646
6.7198110,-0.031193,-0.066361,0.971356,0.974119,4.317019,244.824310
6.7305818,-0.026300,-0.069215,0.962589,0.965433,4.398548,249.194687
6.7397714,-0.028236,-0.071254,0.967380,0.970412,4.530040,248.382553
6.7498288,-0.030173,-0.066361,0.971356,0.974087,4.291902,245.549408
6.7598028,-0.029256,-0.067278,0.966463,0.969243,4.340997,246.498260
6.7698050,-0.027319,-0.064424,0.965443,0.967976,4.145670,247.020599
6.7840219,-0.026300,-0.061468,0.974210,0.976501,3.925905,246.835815
6.7903457,-0.028236,-0.066361,0.962589,0.965287,4.284686,246.950287
6.7998681,-0.029256,-0.068298,0.965443,0.968298,4.400774,246.811737
6.8107538,-0.028236,-0.070234,0.973293,0.976232,4.447261,248.098297
6.8198352,-0.027319,-0.067278,0.967380,0.970102,4.292678,247.899872
6.8298702,-0.028236,-0.067278,0.965443,0.968197,4.321915,247.232361
6.8397965,-0.034149,-0.068298,0.970336,0.973336,4.499540,243.434952
6.8498464,-0.032212,-0.073191,0.968400,0.971696,4.720532,246.245148
6.8598061,-0.029256,-0.062385,0.968400,0.970848,4.069867,244.875565
6.8702989,-0.028236,-0.067278,0.973293,0.976024,4.287199,247.232361
6.8798151,-0.030173,-0.072171,0.969419,0.972570,4.613332,247.311218
6.8807430,-0.027319,-0.067278,0.966463,0.969187,4.296737,247.899872
6.8907433,-0.027319,-0.067278,0.966463,0.969187,4.296737,247.899872
6.9007430,-0.027319,-0.067278,0.966463,0.969187,4.296737,247.899872
6.9020844,-0.027319,-0.067278,0.966463,0.969187,4.296737,247.899872
6.9105306,-0.029256,-0.060449,0.968400,0.970725,3.966991,244.173965
6.9259109,-0.031193,-0.069215,0.969419,0.972387,4.477897,245.740692
6.9298291,-0.031193,-0.069215,0.969419,0.972387,4.477897,245.740692
6.9397993,-0.027319,-0.073191,0.967380,0.970530,4.617025,249.531448
6.9498019,-0.030173,-0.066361,0.968400,0.971139,4.304934,245.549408
6.9598308,-0.030173,-0.073191,0.968400,0.971630,4.673531,247.595779
6.9697971,-0.033129,-0.072171,0.969419,0.972666,4.683036,245.343002
6.9798059,-0.032212,-0.066361,0.967380,0.970188,4.360535,244.107727
6.9902420,-0.031193,-0.075127,0.965443,0.968864,4.816214,247.451935
6.9999051,-0.026300,-0.064424,0.963507,0.966016,4.130763,247.793350
7.0103440,-0.029256,-0.072171,0.964526,0.967665,4.616049,247.933975
7.0200977,-0.033129,-0.071254,0.965443,0.968636,4.653158,245.063934
7.0302725,-0.025382,-0.061468,0.969419,0.971697,3.924309,247.562546
7.0398240,-0.030173,-0.066361,0.966463,0.969208,4.313524,245.549408
7.0502992,-0.029256,-0.063405,0.969419,0.971931,4.119987,245.230698
7.0598478,-0.029256,-0.067278,0.969419,0.972191,4.327803,246.498260
7.0704155,-0.028236,-0.066361,0.967380,0.970065,4.263516,246.950287
7.0798135,-0.028236,-0.063405,0.968400,0.970884,4.099545,245.994797
7.0902162,-0.030173,-0.066361,0.978185,0.980898,4.262045,245.549408
7.0904241,-0.031193,-0.071254,0.966463,0.969588,4.601301,246.357727
7.1004238,-0.031193,-0.071254,0.966463,0.969588,4.601301,246.357727
7.1104240,-0.031193,-0.071254,0.966463,0.969588,4.601301,246.357727
7.1117029,-0.031193,-0.071254,0.966463,0.969588,4.601301,246.357727
7.1197953,-0.031193,-0.071254,0.961570,0.964711,4.624655,246.357727
7.1305847,-0.031193,-0.071254,0.966463,0.969588,4.601301,246.357727
7.1410995,-0.025382,-0.062385,0.967380,0.969722,3.982658,247.860428
7.1503935,-0.027319,-0.062385,0.968400,0.970791,4.022825,246.350983
7.1598039,-0.029256,-0.065341,0.967380,0.970026,4.232488,245.880127
7.1699114,-0.027319,-0.065341,0.967380,0.969969,4.187223,247.310349
7.1797948,-0.033129,-0.069215,0.968400,0.971435,4.530645,244.422119
7.1899018,-0.028236,-0.065341,0.972273,0.974875,4.187223,246.629028
7.1998320,-0.030173,-0.065341,0.970336,0.973002,4.242009,245.213516
7.2154341,-0.027319,-0.059531,0.973293,0.975494,3.850055,245.349411
7.2214670,-0.028236,-0.071254,0.967380,0.970412,4.530040,248.382553
7.2303972,-0.028236,-0.061468,0.965443,0.967810,4.007852,245.327377
7.2419953,-0.031193,-0.062385,0.970336,0.972840,4.111470,243.434952
7.2542734,-0.027319,-0.064424,0.970336,0.972856,4.124833,247.020599
7.2598214,-0.030173,-0.064424,0.968400,0.971009,4.201511,244.903748
7.2701383,-0.025382,-0.063405,0.974210,0.976601,4.010148,248.182709
7.2792878,-0.026300,-0.068298,0.963507,0.966282,4.343749,248.939575
7.2892876,-0.026300,-0.068298,0.963507,0.966282,4.343749,248.939575
7.2913728,-0.026300,-0.068298,0.963507,0.966282,4.343749,248.939575
7.2998075,-0.028236,-0.066361,0.964526,0.967218,4.276084,246.950287
7.3003802,-0.030173,-0.069215,0.966463,0.969408,4.467211,246.445923
7.3103809,-0.030173,-0.069215,0.966463,0.969408,4.467211,246.445923
7.3203807,-0.030173,-0.069215,0.966463,0.969408,4.467211,246.445923
7.3215375,-0.030173,-0.069215,0.966463,0.969408,4.467211,246.445923
7.3301687,-0.028236,-0.070234,0.961570,0.964545,4.501238,248.098297
7.3399668,-0.029256,-0.070234,0.963507,0.966506,4.515055,247.386047
7.3508387,-0.031193,-0.068298,0.969419,0.972322,4.428857,245.453049
7.3605180,-0.031193,-0.067278,0.965443,0.968287,4.392399,245.125854
7.3701787,-0.025382,-0.067278,0.970336,0.972997,4.238175,249.329880
7.3801541,-0.028236,-0.067278,0.964526,0.967282,4.326037,247.232361
7.3908572,-0.029256,-0.066361,0.966463,0.969180,4.291446,246.209229
7.3998089,-0.030173,-0.069215,0.968400,0.971339,4.458345,246.445923
7.4106650,-0.031193,-0.067278,0.962589,0.965441,4.405356,245.125854
7.4198117,-0.033129,-0.072171,0.966463,0.969720,4.697278,245.343002
7.4301553,-0.034149,-0.072171,0.965443,0.968739,4.727623,244.678177
7.4404049,-0.029256,-0.071254,0.967380,0.970442,4.552512,247.677612
7.4408693,-0.033129,-0.075127,0.971356,0.974820,4.831686,246.203629
7.4508691,-0.033129,-0.075127,0.971356,0.974820,4.831686,246.203629
7.4608693,-0.033129,-0.075127,0.971356,0.974820,4.831686,246.203629
7.4620824,-0.033129,-0.075127,0.971356,0.974820,4.831686,246.203629
7.4703465,-0.030173,-0.067278,0.967380,0.970186,4.358737,245.844482
7.4798799,-0.026300,-0.066361,0.966463,0.969095,4.224151,248.380920
7.4900799,-0.031193,-0.069215,0.960550,0.963546,4.519087,245.740692
7.4998207,-0.029256,-0.068298,0.969419,0.972262,4.382801,246.811737
7.5098190,-0.028236,-0.066361,0.966463,0.969150,4.267556,246.950287
7.5198622,-0.025382,-0.067278,0.979103,0.981740,4.200345,249.329880
7.5354924,-0.031193,-0.071254,0.967380,0.970502,4.596999,246.357727
7.5398798,-0.031193,-0.071254,0.967380,0.970502,4.596999,246.357727
7.5498233,-0.029256,-0.070234,0.964526,0.967522,4.510280,247.386047
7.5598083,-0.026300,-0.064424,0.969419,0.971913,4.105655,247.793350
7.5704060,-0.032212,-0.068298,0.964526,0.967477,4.476584,244.749481
7.5798259,-0.028236,-0.074108,0.960550,0.963819,4.719744,249.142258
7.5962105,-0.031193,-0.068298,0.957696,0.960635,4.482837,245.453049
7.5998321,-0.031193,-0.068298,0.957696,0.960635,4.482837,245.453049
7.6098413,-0.030173,-0.067278,0.970336,0.973134,4.345507,245.844482
7.6198201,-0.032212,-0.070234,0.965443,0.968531,4.575901,245.362122
7.6305790,-0.030173,-0.073191,0.967380,0.970614,4.678432,247.595779
7.6398282,-0.030173,-0.064424,0.967380,0.969992,4.205890,244.903748
7.6498089,-0.031193,-0.067278,0.971356,0.974182,4.365787,245.125854
7.6599808,-0.026300,-0.059531,0.966463,0.968652,3.852444,246.165085
7.6680489,-0.026300,-0.060449,0.967380,0.969624,3.898375,246.487305
7.6780491,-0.026300,-0.060449,0.967380,0.969624,3.898375,246.487305
7.6798091,-0.026300,-0.060449,0.971356,0.973590,3.882520,246.487305
7.6898208,-0.025382,-0.061468,0.963507,0.965799,3.948337,247.562546
7.6998186,-0.026300,-0.068298,0.972273,0.975024,4.304751,248.939575
7.7097950,-0.028236,-0.062385,0.968400,0.970818,4.044768,245.647812
7.7198915,-0.028236,-0.061468,0.964526,0.966895,4.011662,245.327377
7.7310414,-0.030173,-0.072171,0.970336,0.973484,4.609042,247.311218
7.7398362,-0.027319,-0.070234,0.972273,0.975189,4.432128,248.745483
7.7559009,-0.030173,-0.065341,0.963507,0.966191,4.271914,245.213516
7.7597976,-0.031193,-0.067278,0.968400,0.971235,4.379046,245.125854
7.7699122,-0.029256,-0.070234,0.965443,0.968437,4.506022,247.386047
7.7798367,-0.029256,-0.063405,0.966463,0.968982,4.132565,245.230698
7.7905769,-0.028236,-0.059531,0.968400,0.970638,3.892292,244.624313
7.7998061,-0.028236,-0.067278,0.967380,0.970128,4.313251,247.232361
7.8107190,-0.028236,-0.067278,0.968400,0.971144,4.308753,247.232361
7.8198152,-0.026300,-0.063405,0.970336,0.972761,4.046414,247.471771
7.8301325,-0.030173,-0.060449,0.968400,0.970753,3.990812,243.473618
7.8398066,-0.029256,-0.072171,0.965443,0.968579,4.611676,247.933975
7.8498163,-0.026300,-0.063405,0.970336,0.972761,4.046414,247.471771
7.8598042,-0.027319,-0.063405,0.967380,0.969841,4.082167,246.690323
7.8708034,-0.034149,-0.068298,0.968400,0.971405,4.508499,243.434952
7.8798618,-0.028236,-0.067278,0.968400,0.971144,4.308753,247.232361
7.8903680,-0.027319,-0.069215,0.968400,0.971254,4.393915,248.460953
7.8998027,-0.029256,-0.069215,0.969419,0.972327,4.432438,247.087173
7.9102182,-0.029256,-0.066361,0.968400,0.971111,4.282903,246.209229
7.9199061,-0.032212,-0.071254,0.966463,0.969621,4.625714,245.673492
7.9303937,-0.032212,-0.067278,0.967380,0.970252,4.409178,244.415466
7.9398279,-0.030173,-0.066361,0.967380,0.970123,4.309481,245.549408
7.9502854,-0.029256,-0.067278,0.970336,0.973106,4.323728,246.498260
7.9597888,-0.031193,-0.065341,0.964526,0.967240,4.293043,244.481171
7.9707084,-0.027319,-0.069215,0.967380,0.970238,4.398548,248.460953
7.9797826,-0.029256,-0.062385,0.965443,0.967899,4.082311,244.875565
7.9905229,-0.027319,-0.063405,0.973293,0.975738,4.057434,246.690323
7.9997954,-0.030173,-0.069215,0.960550,0.963514,4.494662,246.445923
8.0101671,-0.027319,-0.066361,0.964526,0.967192,4.255147,247.624298
8.0212183,-0.030173,-0.068298,0.970336,0.973205,4.400151,246.164581
8.0303841,-0.030173,-0.065341,0.966463,0.969139,4.258920,245.213516
8.0398407,-0.026300,-0.063405,0.967380,0.969812,4.058737,247.471771
8.0498161,-0.030173,-0.064424,0.967380,0.969992,4.205890,244.903748
8.0610285,-0.026300,-0.066361,0.969419,0.972043,4.211288,248.380920
8.0713310,-0.032212,-0.065341,0.965443,0.968188,4.315248,243.757629
8.0798159,-0.027319,-0.068298,0.965443,0.968242,4.357075,248.198593
8.0898094,-0.030173,-0.060449,0.964526,0.966889,4.006777,243.473618
